72,35
10,183
10,281
10,31
10,179
10,219
10,181
10,111
10,169
11,21
9,7
9,5
9,2
9,3
8,14
8,10
8,9
8,4
8,16
8,2
8,3
62,5
62,4
62,3
62,2
62,1
62,0
59,3
59,2
59,1
59,0
58,4
58,3
58,2
58,1
58,0
56,3
56,2
56,1
56,0
53,3
53,2
53,1
53,0
52,5
52,4
52,3
52,1
50,3
50,1
49,3
49,1
48,3
48,1
47,3
47,1
44,4
44,3
44,2
44,1
38,3
38,2
38,1
20,3
20,2
20,1
19,3
19,2
19,1
17,3
17,1
12,3
12,2
12,1
11,29
11,28
11,27
11,26
11,25
11,24
11,23
11,22
11,20
11,19
11,18
11,17
11,16
11,15
11,14
11,13
11,11
11,10
11,9
11,8
11,7
11,6
11,5
11,3
11,2
11,1
10,310
18,1
10,306
18,3
14,1
10,302
10,296
14,3
13,1
10,289
13,3
10,278
10,274
10,273
10,269
